79 78 81 2460
250 240 70 230
250 560 70 230
250 880 70 1500
410 240 70 390
410 720 70 230
410 1040 70 1180
570 240 70 1180
570 1510 70 710
740 240 70 230
740 560 70 1180
740 2150 70 230
900 80 70 550
900 720 70 1090
1060 240 70 390
1060 880 70 870
1220 1030 70 400
1220 1510 70 710
1380 710 70 880
1380 1670 70 390
1550 80 70 1350
1550 1510 70 390
1550 1980 70 400
1710 80 70 1190
1710 1430 70 790
1870 560 70 230
1870 1030 70 240
1870 1430 70 320
1870 1820 70 560
2030 870 70 240
2030 1670 70 230
2030 1990 70 390
2200 240 70 230
2200 720 70 230
2200 1030 70 240
2200 1510 70 550
2200 2150 70 300
2360 80 70 230
2360 560 70 390
2360 1190 70 240
2360 1980 70 240
2520 710 70 400
2520 1350 70 240
2520 2140 70 140
2680 870 70 400
2680 1350 70 300
2680 2080 70 140
2850 870 70 240
2850 2080 70 200
3010 80 70 390
3010 560 70 230
3010 1030 70 240
3010 1350 70 240
3010 1920 70 460
3180 240 70 390
3180 720 70 940
3180 1990 70 390
3340 80 70 3340
90 80 1370 70
1710 80 1710 70
250 240 230 70
570 240 240 70
1060 240 400 70
1710 240 400 70
2360 240 570 70
1230 400 390 70
1880 400 1210 70
250 560 230 70
740 560 180 70
1060 560 560 70
1880 560 1370 70
90 720 230 70
410 720 240 70
900 720 560 70
1880 720 230 70
2530 720 560 70 
250 880 230 70
1060 880 240 70
1710 880 570 70
2690 880 560 70
1220 1040 240 70
2200 1040 400 70
1710 1190 560 70
2370 1190 720 70
410 1350 240 70
1550 1350 890 70
2690 1350 400 70
570 1510 240 70
1220 1510 240 70
2040 1510 560 70
2850 1510 240 70
1060 1670 240 70
1390 1670 240 70
1870 1670 240 70
2360 1670 890 70
740 1830 400 70
1870 1830 240 70
2200 1830 1210 70
570 1990 730 70
1390 1990 230 70
2040 1990 240 70
2360 1990 560  70
740 2150 390 70
1220 2150 240 70
2200 2150 240 70
250 2310 1700 70
2360 2310 570 70
3010 2310 240 70
90 2470 3320 70
1430 20 320 70